epoch: 0  loss_for: 11.36934757232666  loss_rev: 2.141592502593994
epoch: 1  loss_for: 5.246731758117676  loss_rev: 3.1478359699249268
epoch: 2  loss_for: 5.407599925994873  loss_rev: 1.4438081979751587
